13
A -6.922019 107.604031
B -6.920773 107.604115
C -6.922231 107.605329
D -6.920906 107.605070
E -6.923253 107.605288
F -6.923342 107.606328
G -6.922362 107.606395
H -6.922507 107.607622
I -6.921202 107.607710
J -6.921058 107.606456
K -6.921224 107.608059
L -6.920178 107.608205
M -6.919983 107.606598
0 1 1 0 0 0 0 0 0 0 0 0 0
1 0 0 1 0 0 0 0 0 0 0 0 0
1 0 0 0 1 0 1 0 0 0 0 0 0
0 1 0 0 0 0 0 0 0 1 0 0 0
0 0 1 0 0 1 0 0 0 0 0 0 0
0 0 0 0 1 0 1 0 0 0 0 0 0
0 0 1 0 0 1 0 1 0 0 0 0 0
0 0 0 0 0 0 1 0 1 0 0 0 0
0 0 0 0 0 0 0 1 0 1 1 0 0
0 0 0 1 0 0 0 0 1 0 0 0 1
0 0 0 0 0 0 0 0 1 0 0 1 0
0 0 0 0 0 0 0 0 0 0 1 0 1
0 0 0 0 0 0 0 0 0 1 0 1 0